{
 "cells": [
  {
   "cell_type": "code",
   "execution_count": 1,
   "id": "339691c8",
   "metadata": {},
   "outputs": [],
   "source": [
    "from sts.data import yh_data\n",
    "from sts.strategy.pca.pca_analysis import PCATS\n",
    "import datetime\n",
    "import pandas as pd\n",
    "import numpy as np"
   ]
  },
  {
   "cell_type": "code",
   "execution_count": 57,
   "id": "2cef53d5",
   "metadata": {},
   "outputs": [
    {
     "data": {
      "text/html": [
       "<div>\n",
       "<style scoped>\n",
       "    .dataframe tbody tr th:only-of-type {\n",
       "        vertical-align: middle;\n",
       "    }\n",
       "\n",
       "    .dataframe tbody tr th {\n",
       "        vertical-align: top;\n",
       "    }\n",
       "\n",
       "    .dataframe thead th {\n",
       "        text-align: right;\n",
       "    }\n",
       "</style>\n",
       "<table border=\"1\" class=\"dataframe\">\n",
       "  <thead>\n",
       "    <tr style=\"text-align: right;\">\n",
       "      <th></th>\n",
       "      <th>SymId</th>\n",
       "      <th>AssetClass</th>\n",
       "      <th>Symbol</th>\n",
       "      <th>Description</th>\n",
       "      <th>YahooSym</th>\n",
       "    </tr>\n",
       "  </thead>\n",
       "  <tbody>\n",
       "    <tr>\n",
       "      <th>30</th>\n",
       "      <td>31</td>\n",
       "      <td>FX</td>\n",
       "      <td>EURUSD</td>\n",
       "      <td>EURO</td>\n",
       "      <td>EURUSD=X</td>\n",
       "    </tr>\n",
       "    <tr>\n",
       "      <th>31</th>\n",
       "      <td>32</td>\n",
       "      <td>FX</td>\n",
       "      <td>GBPUSD</td>\n",
       "      <td>Pound Sterling</td>\n",
       "      <td>GBPUSD=X</td>\n",
       "    </tr>\n",
       "    <tr>\n",
       "      <th>36</th>\n",
       "      <td>37</td>\n",
       "      <td>FX</td>\n",
       "      <td>CHFUSD</td>\n",
       "      <td>Swiss Franc</td>\n",
       "      <td>CHFUSD=X</td>\n",
       "    </tr>\n",
       "    <tr>\n",
       "      <th>37</th>\n",
       "      <td>38</td>\n",
       "      <td>FX</td>\n",
       "      <td>NOKUSD</td>\n",
       "      <td>Norwegian Krone</td>\n",
       "      <td>NOKUSD=X</td>\n",
       "    </tr>\n",
       "    <tr>\n",
       "      <th>38</th>\n",
       "      <td>39</td>\n",
       "      <td>FX</td>\n",
       "      <td>SEKUSD</td>\n",
       "      <td>Swedish Krona</td>\n",
       "      <td>SEKUSD=X</td>\n",
       "    </tr>\n",
       "    <tr>\n",
       "      <th>39</th>\n",
       "      <td>40</td>\n",
       "      <td>FX</td>\n",
       "      <td>SGDUSD</td>\n",
       "      <td>Singapore Dollar</td>\n",
       "      <td>SGDUSD=X</td>\n",
       "    </tr>\n",
       "  </tbody>\n",
       "</table>\n",
       "</div>"
      ],
      "text/plain": [
       "    SymId AssetClass  Symbol       Description  YahooSym\n",
       "30     31         FX  EURUSD              EURO  EURUSD=X\n",
       "31     32         FX  GBPUSD    Pound Sterling  GBPUSD=X\n",
       "36     37         FX  CHFUSD       Swiss Franc  CHFUSD=X\n",
       "37     38         FX  NOKUSD   Norwegian Krone  NOKUSD=X\n",
       "38     39         FX  SEKUSD     Swedish Krona  SEKUSD=X\n",
       "39     40         FX  SGDUSD  Singapore Dollar  SGDUSD=X"
      ]
     },
     "execution_count": 57,
     "metadata": {},
     "output_type": "execute_result"
    }
   ],
   "source": [
    "fx_table = yh_data.symbol_table.query('AssetClass == \"FX\"').iloc[np.asarray([0, 1, 6, 7, 8, 9])]\n",
    "fx_table"
   ]
  },
  {
   "cell_type": "markdown",
   "id": "7bd6320b",
   "metadata": {},
   "source": [
    "## High correlation fitler"
   ]
  },
  {
   "cell_type": "code",
   "execution_count": 49,
   "id": "93ca2841",
   "metadata": {},
   "outputs": [],
   "source": [
    "fx_table = yh_data.symbol_table.query('AssetClass == \"FX\"')\n",
    "\n",
    "# configuration\n",
    "look_back_history = 360\n",
    "cov_matrix_diff = 5\n",
    "ed = datetime.date.today()  # datetime.date.today()\n",
    "sd = ed - datetime.timedelta(days=look_back_history)\n",
    "\n",
    "corr_threshold = 0.7"
   ]
  },
  {
   "cell_type": "code",
   "execution_count": 50,
   "id": "39caa083",
   "metadata": {},
   "outputs": [
    {
     "data": {
      "text/html": [
       "<div>\n",
       "<style scoped>\n",
       "    .dataframe tbody tr th:only-of-type {\n",
       "        vertical-align: middle;\n",
       "    }\n",
       "\n",
       "    .dataframe tbody tr th {\n",
       "        vertical-align: top;\n",
       "    }\n",
       "\n",
       "    .dataframe thead th {\n",
       "        text-align: right;\n",
       "    }\n",
       "</style>\n",
       "<table border=\"1\" class=\"dataframe\">\n",
       "  <thead>\n",
       "    <tr style=\"text-align: right;\">\n",
       "      <th></th>\n",
       "      <th>EURUSD</th>\n",
       "      <th>GBPUSD</th>\n",
       "      <th>USDJPY</th>\n",
       "      <th>AUDUSD</th>\n",
       "      <th>NZDUSD</th>\n",
       "      <th>CADUSD</th>\n",
       "      <th>CHFUSD</th>\n",
       "      <th>NOKUSD</th>\n",
       "      <th>SEKUSD</th>\n",
       "      <th>SGDUSD</th>\n",
       "      <th>PENUSD</th>\n",
       "      <th>BRLUSD</th>\n",
       "    </tr>\n",
       "  </thead>\n",
       "  <tbody>\n",
       "    <tr>\n",
       "      <th>EURUSD</th>\n",
       "      <td>1.000000</td>\n",
       "      <td>0.825204</td>\n",
       "      <td>-0.564968</td>\n",
       "      <td>-0.690254</td>\n",
       "      <td>0.701448</td>\n",
       "      <td>0.557185</td>\n",
       "      <td>0.832993</td>\n",
       "      <td>0.652448</td>\n",
       "      <td>0.827628</td>\n",
       "      <td>0.832663</td>\n",
       "      <td>0.160086</td>\n",
       "      <td>0.041596</td>\n",
       "    </tr>\n",
       "    <tr>\n",
       "      <th>GBPUSD</th>\n",
       "      <td>0.825204</td>\n",
       "      <td>1.000000</td>\n",
       "      <td>-0.425280</td>\n",
       "      <td>-0.610155</td>\n",
       "      <td>0.674159</td>\n",
       "      <td>0.457351</td>\n",
       "      <td>0.641361</td>\n",
       "      <td>0.582493</td>\n",
       "      <td>0.780875</td>\n",
       "      <td>0.726174</td>\n",
       "      <td>0.006256</td>\n",
       "      <td>-0.142298</td>\n",
       "    </tr>\n",
       "    <tr>\n",
       "      <th>USDJPY</th>\n",
       "      <td>-0.564968</td>\n",
       "      <td>-0.425280</td>\n",
       "      <td>1.000000</td>\n",
       "      <td>0.625533</td>\n",
       "      <td>-0.578605</td>\n",
       "      <td>-0.366712</td>\n",
       "      <td>-0.584067</td>\n",
       "      <td>-0.525131</td>\n",
       "      <td>-0.489639</td>\n",
       "      <td>-0.746173</td>\n",
       "      <td>-0.228554</td>\n",
       "      <td>-0.105861</td>\n",
       "    </tr>\n",
       "    <tr>\n",
       "      <th>AUDUSD</th>\n",
       "      <td>-0.690254</td>\n",
       "      <td>-0.610155</td>\n",
       "      <td>0.625533</td>\n",
       "      <td>1.000000</td>\n",
       "      <td>-0.853889</td>\n",
       "      <td>-0.763754</td>\n",
       "      <td>-0.665613</td>\n",
       "      <td>-0.693554</td>\n",
       "      <td>-0.665212</td>\n",
       "      <td>-0.817156</td>\n",
       "      <td>-0.116239</td>\n",
       "      <td>-0.260698</td>\n",
       "    </tr>\n",
       "    <tr>\n",
       "      <th>NZDUSD</th>\n",
       "      <td>0.701448</td>\n",
       "      <td>0.674159</td>\n",
       "      <td>-0.578605</td>\n",
       "      <td>-0.853889</td>\n",
       "      <td>1.000000</td>\n",
       "      <td>0.676980</td>\n",
       "      <td>0.626173</td>\n",
       "      <td>0.666801</td>\n",
       "      <td>0.676435</td>\n",
       "      <td>0.800329</td>\n",
       "      <td>0.177530</td>\n",
       "      <td>0.167283</td>\n",
       "    </tr>\n",
       "    <tr>\n",
       "      <th>CADUSD</th>\n",
       "      <td>0.557185</td>\n",
       "      <td>0.457351</td>\n",
       "      <td>-0.366712</td>\n",
       "      <td>-0.763754</td>\n",
       "      <td>0.676980</td>\n",
       "      <td>1.000000</td>\n",
       "      <td>0.529732</td>\n",
       "      <td>0.649060</td>\n",
       "      <td>0.532315</td>\n",
       "      <td>0.596066</td>\n",
       "      <td>0.137111</td>\n",
       "      <td>0.404234</td>\n",
       "    </tr>\n",
       "    <tr>\n",
       "      <th>CHFUSD</th>\n",
       "      <td>0.832993</td>\n",
       "      <td>0.641361</td>\n",
       "      <td>-0.584067</td>\n",
       "      <td>-0.665613</td>\n",
       "      <td>0.626173</td>\n",
       "      <td>0.529732</td>\n",
       "      <td>1.000000</td>\n",
       "      <td>0.639990</td>\n",
       "      <td>0.728392</td>\n",
       "      <td>0.722853</td>\n",
       "      <td>0.232624</td>\n",
       "      <td>-0.000968</td>\n",
       "    </tr>\n",
       "    <tr>\n",
       "      <th>NOKUSD</th>\n",
       "      <td>0.652448</td>\n",
       "      <td>0.582493</td>\n",
       "      <td>-0.525131</td>\n",
       "      <td>-0.693554</td>\n",
       "      <td>0.666801</td>\n",
       "      <td>0.649060</td>\n",
       "      <td>0.639990</td>\n",
       "      <td>1.000000</td>\n",
       "      <td>0.756294</td>\n",
       "      <td>0.724560</td>\n",
       "      <td>0.189136</td>\n",
       "      <td>0.284706</td>\n",
       "    </tr>\n",
       "    <tr>\n",
       "      <th>SEKUSD</th>\n",
       "      <td>0.827628</td>\n",
       "      <td>0.780875</td>\n",
       "      <td>-0.489639</td>\n",
       "      <td>-0.665212</td>\n",
       "      <td>0.676435</td>\n",
       "      <td>0.532315</td>\n",
       "      <td>0.728392</td>\n",
       "      <td>0.756294</td>\n",
       "      <td>1.000000</td>\n",
       "      <td>0.736892</td>\n",
       "      <td>0.102764</td>\n",
       "      <td>0.001360</td>\n",
       "    </tr>\n",
       "    <tr>\n",
       "      <th>SGDUSD</th>\n",
       "      <td>0.832663</td>\n",
       "      <td>0.726174</td>\n",
       "      <td>-0.746173</td>\n",
       "      <td>-0.817156</td>\n",
       "      <td>0.800329</td>\n",
       "      <td>0.596066</td>\n",
       "      <td>0.722853</td>\n",
       "      <td>0.724560</td>\n",
       "      <td>0.736892</td>\n",
       "      <td>1.000000</td>\n",
       "      <td>0.216262</td>\n",
       "      <td>0.175939</td>\n",
       "    </tr>\n",
       "    <tr>\n",
       "      <th>PENUSD</th>\n",
       "      <td>0.160086</td>\n",
       "      <td>0.006256</td>\n",
       "      <td>-0.228554</td>\n",
       "      <td>-0.116239</td>\n",
       "      <td>0.177530</td>\n",
       "      <td>0.137111</td>\n",
       "      <td>0.232624</td>\n",
       "      <td>0.189136</td>\n",
       "      <td>0.102764</td>\n",
       "      <td>0.216262</td>\n",
       "      <td>1.000000</td>\n",
       "      <td>0.392358</td>\n",
       "    </tr>\n",
       "    <tr>\n",
       "      <th>BRLUSD</th>\n",
       "      <td>0.041596</td>\n",
       "      <td>-0.142298</td>\n",
       "      <td>-0.105861</td>\n",
       "      <td>-0.260698</td>\n",
       "      <td>0.167283</td>\n",
       "      <td>0.404234</td>\n",
       "      <td>-0.000968</td>\n",
       "      <td>0.284706</td>\n",
       "      <td>0.001360</td>\n",
       "      <td>0.175939</td>\n",
       "      <td>0.392358</td>\n",
       "      <td>1.000000</td>\n",
       "    </tr>\n",
       "  </tbody>\n",
       "</table>\n",
       "</div>"
      ],
      "text/plain": [
       "          EURUSD    GBPUSD    USDJPY    AUDUSD    NZDUSD    CADUSD    CHFUSD   \n",
       "EURUSD  1.000000  0.825204 -0.564968 -0.690254  0.701448  0.557185  0.832993  \\\n",
       "GBPUSD  0.825204  1.000000 -0.425280 -0.610155  0.674159  0.457351  0.641361   \n",
       "USDJPY -0.564968 -0.425280  1.000000  0.625533 -0.578605 -0.366712 -0.584067   \n",
       "AUDUSD -0.690254 -0.610155  0.625533  1.000000 -0.853889 -0.763754 -0.665613   \n",
       "NZDUSD  0.701448  0.674159 -0.578605 -0.853889  1.000000  0.676980  0.626173   \n",
       "CADUSD  0.557185  0.457351 -0.366712 -0.763754  0.676980  1.000000  0.529732   \n",
       "CHFUSD  0.832993  0.641361 -0.584067 -0.665613  0.626173  0.529732  1.000000   \n",
       "NOKUSD  0.652448  0.582493 -0.525131 -0.693554  0.666801  0.649060  0.639990   \n",
       "SEKUSD  0.827628  0.780875 -0.489639 -0.665212  0.676435  0.532315  0.728392   \n",
       "SGDUSD  0.832663  0.726174 -0.746173 -0.817156  0.800329  0.596066  0.722853   \n",
       "PENUSD  0.160086  0.006256 -0.228554 -0.116239  0.177530  0.137111  0.232624   \n",
       "BRLUSD  0.041596 -0.142298 -0.105861 -0.260698  0.167283  0.404234 -0.000968   \n",
       "\n",
       "          NOKUSD    SEKUSD    SGDUSD    PENUSD    BRLUSD  \n",
       "EURUSD  0.652448  0.827628  0.832663  0.160086  0.041596  \n",
       "GBPUSD  0.582493  0.780875  0.726174  0.006256 -0.142298  \n",
       "USDJPY -0.525131 -0.489639 -0.746173 -0.228554 -0.105861  \n",
       "AUDUSD -0.693554 -0.665212 -0.817156 -0.116239 -0.260698  \n",
       "NZDUSD  0.666801  0.676435  0.800329  0.177530  0.167283  \n",
       "CADUSD  0.649060  0.532315  0.596066  0.137111  0.404234  \n",
       "CHFUSD  0.639990  0.728392  0.722853  0.232624 -0.000968  \n",
       "NOKUSD  1.000000  0.756294  0.724560  0.189136  0.284706  \n",
       "SEKUSD  0.756294  1.000000  0.736892  0.102764  0.001360  \n",
       "SGDUSD  0.724560  0.736892  1.000000  0.216262  0.175939  \n",
       "PENUSD  0.189136  0.102764  0.216262  1.000000  0.392358  \n",
       "BRLUSD  0.284706  0.001360  0.175939  0.392358  1.000000  "
      ]
     },
     "execution_count": 50,
     "metadata": {},
     "output_type": "execute_result"
    }
   ],
   "source": [
    "data_df = yh_data.get_hist_data_for_symbols(fx_table[\"Symbol\"].to_list(), sd, ed, column=\"Close\")\n",
    "pcatts = PCATS(data_df, cov_mat_diff_days=cov_matrix_diff)\n",
    "pcatts.corr_mat"
   ]
  },
  {
   "cell_type": "code",
   "execution_count": 53,
   "id": "7241b4a6",
   "metadata": {},
   "outputs": [
    {
     "data": {
      "text/html": [
       "<div>\n",
       "<style scoped>\n",
       "    .dataframe tbody tr th:only-of-type {\n",
       "        vertical-align: middle;\n",
       "    }\n",
       "\n",
       "    .dataframe tbody tr th {\n",
       "        vertical-align: top;\n",
       "    }\n",
       "\n",
       "    .dataframe thead th {\n",
       "        text-align: right;\n",
       "    }\n",
       "</style>\n",
       "<table border=\"1\" class=\"dataframe\">\n",
       "  <thead>\n",
       "    <tr style=\"text-align: right;\">\n",
       "      <th></th>\n",
       "      <th>EURUSD</th>\n",
       "      <th>GBPUSD</th>\n",
       "      <th>USDJPY</th>\n",
       "      <th>AUDUSD</th>\n",
       "      <th>NZDUSD</th>\n",
       "      <th>CADUSD</th>\n",
       "      <th>CHFUSD</th>\n",
       "      <th>NOKUSD</th>\n",
       "      <th>SEKUSD</th>\n",
       "      <th>SGDUSD</th>\n",
       "      <th>PENUSD</th>\n",
       "      <th>BRLUSD</th>\n",
       "    </tr>\n",
       "  </thead>\n",
       "  <tbody>\n",
       "    <tr>\n",
       "      <th>EURUSD</th>\n",
       "      <td>1.000000</td>\n",
       "      <td>0.825204</td>\n",
       "      <td>NaN</td>\n",
       "      <td>NaN</td>\n",
       "      <td>0.701448</td>\n",
       "      <td>NaN</td>\n",
       "      <td>0.832993</td>\n",
       "      <td>NaN</td>\n",
       "      <td>0.827628</td>\n",
       "      <td>0.832663</td>\n",
       "      <td>NaN</td>\n",
       "      <td>NaN</td>\n",
       "    </tr>\n",
       "    <tr>\n",
       "      <th>GBPUSD</th>\n",
       "      <td>0.825204</td>\n",
       "      <td>1.000000</td>\n",
       "      <td>NaN</td>\n",
       "      <td>NaN</td>\n",
       "      <td>NaN</td>\n",
       "      <td>NaN</td>\n",
       "      <td>NaN</td>\n",
       "      <td>NaN</td>\n",
       "      <td>0.780875</td>\n",
       "      <td>0.726174</td>\n",
       "      <td>NaN</td>\n",
       "      <td>NaN</td>\n",
       "    </tr>\n",
       "    <tr>\n",
       "      <th>USDJPY</th>\n",
       "      <td>NaN</td>\n",
       "      <td>NaN</td>\n",
       "      <td>1.000000</td>\n",
       "      <td>NaN</td>\n",
       "      <td>NaN</td>\n",
       "      <td>NaN</td>\n",
       "      <td>NaN</td>\n",
       "      <td>NaN</td>\n",
       "      <td>NaN</td>\n",
       "      <td>-0.746173</td>\n",
       "      <td>NaN</td>\n",
       "      <td>NaN</td>\n",
       "    </tr>\n",
       "    <tr>\n",
       "      <th>AUDUSD</th>\n",
       "      <td>NaN</td>\n",
       "      <td>NaN</td>\n",
       "      <td>NaN</td>\n",
       "      <td>1.000000</td>\n",
       "      <td>-0.853889</td>\n",
       "      <td>-0.763754</td>\n",
       "      <td>NaN</td>\n",
       "      <td>NaN</td>\n",
       "      <td>NaN</td>\n",
       "      <td>-0.817156</td>\n",
       "      <td>NaN</td>\n",
       "      <td>NaN</td>\n",
       "    </tr>\n",
       "    <tr>\n",
       "      <th>NZDUSD</th>\n",
       "      <td>0.701448</td>\n",
       "      <td>NaN</td>\n",
       "      <td>NaN</td>\n",
       "      <td>-0.853889</td>\n",
       "      <td>1.000000</td>\n",
       "      <td>NaN</td>\n",
       "      <td>NaN</td>\n",
       "      <td>NaN</td>\n",
       "      <td>NaN</td>\n",
       "      <td>0.800329</td>\n",
       "      <td>NaN</td>\n",
       "      <td>NaN</td>\n",
       "    </tr>\n",
       "    <tr>\n",
       "      <th>CADUSD</th>\n",
       "      <td>NaN</td>\n",
       "      <td>NaN</td>\n",
       "      <td>NaN</td>\n",
       "      <td>-0.763754</td>\n",
       "      <td>NaN</td>\n",
       "      <td>1.000000</td>\n",
       "      <td>NaN</td>\n",
       "      <td>NaN</td>\n",
       "      <td>NaN</td>\n",
       "      <td>NaN</td>\n",
       "      <td>NaN</td>\n",
       "      <td>NaN</td>\n",
       "    </tr>\n",
       "    <tr>\n",
       "      <th>CHFUSD</th>\n",
       "      <td>0.832993</td>\n",
       "      <td>NaN</td>\n",
       "      <td>NaN</td>\n",
       "      <td>NaN</td>\n",
       "      <td>NaN</td>\n",
       "      <td>NaN</td>\n",
       "      <td>1.000000</td>\n",
       "      <td>NaN</td>\n",
       "      <td>0.728392</td>\n",
       "      <td>0.722853</td>\n",
       "      <td>NaN</td>\n",
       "      <td>NaN</td>\n",
       "    </tr>\n",
       "    <tr>\n",
       "      <th>NOKUSD</th>\n",
       "      <td>NaN</td>\n",
       "      <td>NaN</td>\n",
       "      <td>NaN</td>\n",
       "      <td>NaN</td>\n",
       "      <td>NaN</td>\n",
       "      <td>NaN</td>\n",
       "      <td>NaN</td>\n",
       "      <td>1.000000</td>\n",
       "      <td>0.756294</td>\n",
       "      <td>0.724560</td>\n",
       "      <td>NaN</td>\n",
       "      <td>NaN</td>\n",
       "    </tr>\n",
       "    <tr>\n",
       "      <th>SEKUSD</th>\n",
       "      <td>0.827628</td>\n",
       "      <td>0.780875</td>\n",
       "      <td>NaN</td>\n",
       "      <td>NaN</td>\n",
       "      <td>NaN</td>\n",
       "      <td>NaN</td>\n",
       "      <td>0.728392</td>\n",
       "      <td>0.756294</td>\n",
       "      <td>1.000000</td>\n",
       "      <td>0.736892</td>\n",
       "      <td>NaN</td>\n",
       "      <td>NaN</td>\n",
       "    </tr>\n",
       "    <tr>\n",
       "      <th>SGDUSD</th>\n",
       "      <td>0.832663</td>\n",
       "      <td>0.726174</td>\n",
       "      <td>-0.746173</td>\n",
       "      <td>-0.817156</td>\n",
       "      <td>0.800329</td>\n",
       "      <td>NaN</td>\n",
       "      <td>0.722853</td>\n",
       "      <td>0.724560</td>\n",
       "      <td>0.736892</td>\n",
       "      <td>1.000000</td>\n",
       "      <td>NaN</td>\n",
       "      <td>NaN</td>\n",
       "    </tr>\n",
       "    <tr>\n",
       "      <th>PENUSD</th>\n",
       "      <td>NaN</td>\n",
       "      <td>NaN</td>\n",
       "      <td>NaN</td>\n",
       "      <td>NaN</td>\n",
       "      <td>NaN</td>\n",
       "      <td>NaN</td>\n",
       "      <td>NaN</td>\n",
       "      <td>NaN</td>\n",
       "      <td>NaN</td>\n",
       "      <td>NaN</td>\n",
       "      <td>1.0</td>\n",
       "      <td>NaN</td>\n",
       "    </tr>\n",
       "    <tr>\n",
       "      <th>BRLUSD</th>\n",
       "      <td>NaN</td>\n",
       "      <td>NaN</td>\n",
       "      <td>NaN</td>\n",
       "      <td>NaN</td>\n",
       "      <td>NaN</td>\n",
       "      <td>NaN</td>\n",
       "      <td>NaN</td>\n",
       "      <td>NaN</td>\n",
       "      <td>NaN</td>\n",
       "      <td>NaN</td>\n",
       "      <td>NaN</td>\n",
       "      <td>1.0</td>\n",
       "    </tr>\n",
       "  </tbody>\n",
       "</table>\n",
       "</div>"
      ],
      "text/plain": [
       "          EURUSD    GBPUSD    USDJPY    AUDUSD    NZDUSD    CADUSD    CHFUSD   \n",
       "EURUSD  1.000000  0.825204       NaN       NaN  0.701448       NaN  0.832993  \\\n",
       "GBPUSD  0.825204  1.000000       NaN       NaN       NaN       NaN       NaN   \n",
       "USDJPY       NaN       NaN  1.000000       NaN       NaN       NaN       NaN   \n",
       "AUDUSD       NaN       NaN       NaN  1.000000 -0.853889 -0.763754       NaN   \n",
       "NZDUSD  0.701448       NaN       NaN -0.853889  1.000000       NaN       NaN   \n",
       "CADUSD       NaN       NaN       NaN -0.763754       NaN  1.000000       NaN   \n",
       "CHFUSD  0.832993       NaN       NaN       NaN       NaN       NaN  1.000000   \n",
       "NOKUSD       NaN       NaN       NaN       NaN       NaN       NaN       NaN   \n",
       "SEKUSD  0.827628  0.780875       NaN       NaN       NaN       NaN  0.728392   \n",
       "SGDUSD  0.832663  0.726174 -0.746173 -0.817156  0.800329       NaN  0.722853   \n",
       "PENUSD       NaN       NaN       NaN       NaN       NaN       NaN       NaN   \n",
       "BRLUSD       NaN       NaN       NaN       NaN       NaN       NaN       NaN   \n",
       "\n",
       "          NOKUSD    SEKUSD    SGDUSD  PENUSD  BRLUSD  \n",
       "EURUSD       NaN  0.827628  0.832663     NaN     NaN  \n",
       "GBPUSD       NaN  0.780875  0.726174     NaN     NaN  \n",
       "USDJPY       NaN       NaN -0.746173     NaN     NaN  \n",
       "AUDUSD       NaN       NaN -0.817156     NaN     NaN  \n",
       "NZDUSD       NaN       NaN  0.800329     NaN     NaN  \n",
       "CADUSD       NaN       NaN       NaN     NaN     NaN  \n",
       "CHFUSD       NaN  0.728392  0.722853     NaN     NaN  \n",
       "NOKUSD  1.000000  0.756294  0.724560     NaN     NaN  \n",
       "SEKUSD  0.756294  1.000000  0.736892     NaN     NaN  \n",
       "SGDUSD  0.724560  0.736892  1.000000     NaN     NaN  \n",
       "PENUSD       NaN       NaN       NaN     1.0     NaN  \n",
       "BRLUSD       NaN       NaN       NaN     NaN     1.0  "
      ]
     },
     "execution_count": 53,
     "metadata": {},
     "output_type": "execute_result"
    }
   ],
   "source": [
    "pcatts.corr_mat[(pcatts.corr_mat.abs() >= corr_threshold)]"
   ]
  },
  {
   "cell_type": "markdown",
   "id": "4046c3df",
   "metadata": {},
   "source": [
    "## Get Cov Matrix and PCA"
   ]
  },
  {
   "cell_type": "code",
   "execution_count": 61,
   "id": "7f71a457",
   "metadata": {},
   "outputs": [],
   "source": [
    "# configuration\n",
    "look_back_history = 360\n",
    "cov_matrix_diff = 5\n",
    "ed = datetime.date.today()  # datetime.date.today()\n",
    "sd = ed - datetime.timedelta(days=look_back_history)"
   ]
  },
  {
   "cell_type": "code",
   "execution_count": 62,
   "id": "b034cf2d",
   "metadata": {},
   "outputs": [],
   "source": [
    "data_df = yh_data.get_hist_data_for_symbols(fx_table[\"Symbol\"].to_list(), sd, ed, column=\"Close\")"
   ]
  },
  {
   "cell_type": "code",
   "execution_count": 63,
   "id": "8d115baf",
   "metadata": {},
   "outputs": [],
   "source": [
    "pcatts = PCATS(data_df, cov_mat_diff_days=cov_matrix_diff)"
   ]
  },
  {
   "cell_type": "code",
   "execution_count": 64,
   "id": "874ccf7a",
   "metadata": {},
   "outputs": [
    {
     "data": {
      "text/html": [
       "<div>\n",
       "<style scoped>\n",
       "    .dataframe tbody tr th:only-of-type {\n",
       "        vertical-align: middle;\n",
       "    }\n",
       "\n",
       "    .dataframe tbody tr th {\n",
       "        vertical-align: top;\n",
       "    }\n",
       "\n",
       "    .dataframe thead th {\n",
       "        text-align: right;\n",
       "    }\n",
       "</style>\n",
       "<table border=\"1\" class=\"dataframe\">\n",
       "  <thead>\n",
       "    <tr style=\"text-align: right;\">\n",
       "      <th></th>\n",
       "      <th>EURUSD</th>\n",
       "      <th>GBPUSD</th>\n",
       "      <th>CHFUSD</th>\n",
       "      <th>NOKUSD</th>\n",
       "      <th>SEKUSD</th>\n",
       "      <th>SGDUSD</th>\n",
       "    </tr>\n",
       "  </thead>\n",
       "  <tbody>\n",
       "    <tr>\n",
       "      <th>EURUSD</th>\n",
       "      <td>1.000000</td>\n",
       "      <td>0.825204</td>\n",
       "      <td>0.832993</td>\n",
       "      <td>0.652448</td>\n",
       "      <td>0.827628</td>\n",
       "      <td>0.832663</td>\n",
       "    </tr>\n",
       "    <tr>\n",
       "      <th>GBPUSD</th>\n",
       "      <td>0.825204</td>\n",
       "      <td>1.000000</td>\n",
       "      <td>0.641361</td>\n",
       "      <td>0.582493</td>\n",
       "      <td>0.780875</td>\n",
       "      <td>0.726174</td>\n",
       "    </tr>\n",
       "    <tr>\n",
       "      <th>CHFUSD</th>\n",
       "      <td>0.832993</td>\n",
       "      <td>0.641361</td>\n",
       "      <td>1.000000</td>\n",
       "      <td>0.639990</td>\n",
       "      <td>0.728392</td>\n",
       "      <td>0.722853</td>\n",
       "    </tr>\n",
       "    <tr>\n",
       "      <th>NOKUSD</th>\n",
       "      <td>0.652448</td>\n",
       "      <td>0.582493</td>\n",
       "      <td>0.639990</td>\n",
       "      <td>1.000000</td>\n",
       "      <td>0.756294</td>\n",
       "      <td>0.724560</td>\n",
       "    </tr>\n",
       "    <tr>\n",
       "      <th>SEKUSD</th>\n",
       "      <td>0.827628</td>\n",
       "      <td>0.780875</td>\n",
       "      <td>0.728392</td>\n",
       "      <td>0.756294</td>\n",
       "      <td>1.000000</td>\n",
       "      <td>0.736892</td>\n",
       "    </tr>\n",
       "    <tr>\n",
       "      <th>SGDUSD</th>\n",
       "      <td>0.832663</td>\n",
       "      <td>0.726174</td>\n",
       "      <td>0.722853</td>\n",
       "      <td>0.724560</td>\n",
       "      <td>0.736892</td>\n",
       "      <td>1.000000</td>\n",
       "    </tr>\n",
       "  </tbody>\n",
       "</table>\n",
       "</div>"
      ],
      "text/plain": [
       "          EURUSD    GBPUSD    CHFUSD    NOKUSD    SEKUSD    SGDUSD\n",
       "EURUSD  1.000000  0.825204  0.832993  0.652448  0.827628  0.832663\n",
       "GBPUSD  0.825204  1.000000  0.641361  0.582493  0.780875  0.726174\n",
       "CHFUSD  0.832993  0.641361  1.000000  0.639990  0.728392  0.722853\n",
       "NOKUSD  0.652448  0.582493  0.639990  1.000000  0.756294  0.724560\n",
       "SEKUSD  0.827628  0.780875  0.728392  0.756294  1.000000  0.736892\n",
       "SGDUSD  0.832663  0.726174  0.722853  0.724560  0.736892  1.000000"
      ]
     },
     "execution_count": 64,
     "metadata": {},
     "output_type": "execute_result"
    }
   ],
   "source": [
    "pcatts.corr_mat"
   ]
  },
  {
   "cell_type": "code",
   "execution_count": 65,
   "id": "04297664",
   "metadata": {},
   "outputs": [
    {
     "data": {
      "text/html": [
       "<div>\n",
       "<style scoped>\n",
       "    .dataframe tbody tr th:only-of-type {\n",
       "        vertical-align: middle;\n",
       "    }\n",
       "\n",
       "    .dataframe tbody tr th {\n",
       "        vertical-align: top;\n",
       "    }\n",
       "\n",
       "    .dataframe thead th {\n",
       "        text-align: right;\n",
       "    }\n",
       "</style>\n",
       "<table border=\"1\" class=\"dataframe\">\n",
       "  <thead>\n",
       "    <tr style=\"text-align: right;\">\n",
       "      <th></th>\n",
       "      <th>PCA1</th>\n",
       "      <th>PCA2</th>\n",
       "      <th>PCA3</th>\n",
       "      <th>PCA4</th>\n",
       "      <th>PCA5</th>\n",
       "      <th>PCA6</th>\n",
       "    </tr>\n",
       "  </thead>\n",
       "  <tbody>\n",
       "    <tr>\n",
       "      <th>EURUSD</th>\n",
       "      <td>0.323648</td>\n",
       "      <td>0.252971</td>\n",
       "      <td>0.251659</td>\n",
       "      <td>0.103422</td>\n",
       "      <td>0.497859</td>\n",
       "      <td>0.713699</td>\n",
       "    </tr>\n",
       "    <tr>\n",
       "      <th>GBPUSD</th>\n",
       "      <td>0.423788</td>\n",
       "      <td>0.542577</td>\n",
       "      <td>-0.459722</td>\n",
       "      <td>0.466352</td>\n",
       "      <td>-0.301375</td>\n",
       "      <td>-0.079740</td>\n",
       "    </tr>\n",
       "    <tr>\n",
       "      <th>CHFUSD</th>\n",
       "      <td>0.329058</td>\n",
       "      <td>0.111606</td>\n",
       "      <td>0.812703</td>\n",
       "      <td>0.067117</td>\n",
       "      <td>-0.421696</td>\n",
       "      <td>-0.190910</td>\n",
       "    </tr>\n",
       "    <tr>\n",
       "      <th>NOKUSD</th>\n",
       "      <td>0.520134</td>\n",
       "      <td>-0.786101</td>\n",
       "      <td>-0.143125</td>\n",
       "      <td>0.263232</td>\n",
       "      <td>-0.089236</td>\n",
       "      <td>0.117334</td>\n",
       "    </tr>\n",
       "    <tr>\n",
       "      <th>SEKUSD</th>\n",
       "      <td>0.540383</td>\n",
       "      <td>0.104064</td>\n",
       "      <td>-0.186008</td>\n",
       "      <td>-0.806856</td>\n",
       "      <td>0.010710</td>\n",
       "      <td>-0.106900</td>\n",
       "    </tr>\n",
       "    <tr>\n",
       "      <th>SGDUSD</th>\n",
       "      <td>0.211716</td>\n",
       "      <td>0.019400</td>\n",
       "      <td>0.098760</td>\n",
       "      <td>0.216813</td>\n",
       "      <td>0.689496</td>\n",
       "      <td>-0.650103</td>\n",
       "    </tr>\n",
       "  </tbody>\n",
       "</table>\n",
       "</div>"
      ],
      "text/plain": [
       "            PCA1      PCA2      PCA3      PCA4      PCA5      PCA6\n",
       "EURUSD  0.323648  0.252971  0.251659  0.103422  0.497859  0.713699\n",
       "GBPUSD  0.423788  0.542577 -0.459722  0.466352 -0.301375 -0.079740\n",
       "CHFUSD  0.329058  0.111606  0.812703  0.067117 -0.421696 -0.190910\n",
       "NOKUSD  0.520134 -0.786101 -0.143125  0.263232 -0.089236  0.117334\n",
       "SEKUSD  0.540383  0.104064 -0.186008 -0.806856  0.010710 -0.106900\n",
       "SGDUSD  0.211716  0.019400  0.098760  0.216813  0.689496 -0.650103"
      ]
     },
     "execution_count": 65,
     "metadata": {},
     "output_type": "execute_result"
    }
   ],
   "source": [
    "pcatts.pca_mat"
   ]
  },
  {
   "cell_type": "code",
   "execution_count": 66,
   "id": "c29a7824",
   "metadata": {},
   "outputs": [
    {
     "data": {
      "text/html": [
       "<div>\n",
       "<style scoped>\n",
       "    .dataframe tbody tr th:only-of-type {\n",
       "        vertical-align: middle;\n",
       "    }\n",
       "\n",
       "    .dataframe tbody tr th {\n",
       "        vertical-align: top;\n",
       "    }\n",
       "\n",
       "    .dataframe thead th {\n",
       "        text-align: right;\n",
       "    }\n",
       "</style>\n",
       "<table border=\"1\" class=\"dataframe\">\n",
       "  <thead>\n",
       "    <tr style=\"text-align: right;\">\n",
       "      <th></th>\n",
       "      <th>vol</th>\n",
       "    </tr>\n",
       "  </thead>\n",
       "  <tbody>\n",
       "    <tr>\n",
       "      <th>PCA1</th>\n",
       "      <td>23.077287</td>\n",
       "    </tr>\n",
       "    <tr>\n",
       "      <th>PCA2</th>\n",
       "      <td>8.510304</td>\n",
       "    </tr>\n",
       "    <tr>\n",
       "      <th>PCA3</th>\n",
       "      <td>5.981589</td>\n",
       "    </tr>\n",
       "    <tr>\n",
       "      <th>PCA4</th>\n",
       "      <td>5.263163</td>\n",
       "    </tr>\n",
       "    <tr>\n",
       "      <th>PCA5</th>\n",
       "      <td>3.266753</td>\n",
       "    </tr>\n",
       "    <tr>\n",
       "      <th>PCA6</th>\n",
       "      <td>2.328505</td>\n",
       "    </tr>\n",
       "  </tbody>\n",
       "</table>\n",
       "</div>"
      ],
      "text/plain": [
       "            vol\n",
       "PCA1  23.077287\n",
       "PCA2   8.510304\n",
       "PCA3   5.981589\n",
       "PCA4   5.263163\n",
       "PCA5   3.266753\n",
       "PCA6   2.328505"
      ]
     },
     "execution_count": 66,
     "metadata": {},
     "output_type": "execute_result"
    }
   ],
   "source": [
    "pca_vol_year = pcatts.pca_vol.to_frame()\n",
    "pca_vol_year * 100"
   ]
  },
  {
   "cell_type": "code",
   "execution_count": 79,
   "id": "1a9a7987",
   "metadata": {},
   "outputs": [],
   "source": [
    "# longer term test\n",
    "look_back_history = 360 * 5\n",
    "ed = datetime.date.today()  # datetime.date.today()\n",
    "sd = ed - datetime.timedelta(days=look_back_history)"
   ]
  },
  {
   "cell_type": "code",
   "execution_count": 80,
   "id": "e4dfd275",
   "metadata": {},
   "outputs": [],
   "source": [
    "test_data_df = yh_data.get_hist_data_for_symbols(fx_table[\"Symbol\"].to_list(), sd, ed, column=\"Close\")"
   ]
  },
  {
   "cell_type": "code",
   "execution_count": 81,
   "id": "e1b7b390",
   "metadata": {},
   "outputs": [
    {
     "data": {
      "application/vnd.plotly.v1+json": {
       "config": {
        "plotlyServerURL": "https://plot.ly"
       },
       "data": [
        {
         "hovertemplate": "variable=PCA1<br>Date=%{x}<br>value=%{y}<extra></extra>",
         "legendgroup": "PCA1",
         "line": {
          "color": "#636efa",
          "dash": "solid"
         },
         "marker": {
          "symbol": "circle"
         },
         "mode": "lines",
         "name": "PCA1",
         "showlegend": true,
         "type": "scattergl",
         "x": [
          "2018-08-28",
          "2018-08-29",
          "2018-08-30",
          "2018-08-31",
          "2018-09-03",
          "2018-09-04",
          "2018-09-05",
          "2018-09-06",
          "2018-09-07",
          "2018-09-10",
          "2018-09-11",
          "2018-09-12",
          "2018-09-13",
          "2018-09-14",
          "2018-09-17",
          "2018-09-18",
          "2018-09-19",
          "2018-09-20",
          "2018-09-21",
          "2018-09-24",
          "2018-09-25",
          "2018-09-26",
          "2018-09-27",
          "2018-09-28",
          "2018-10-01",
          "2018-10-02",
          "2018-10-03",
          "2018-10-04",
          "2018-10-05",
          "2018-10-08",
          "2018-10-09",
          "2018-10-10",
          "2018-10-11",
          "2018-10-12",
          "2018-10-15",
          "2018-10-16",
          "2018-10-17",
          "2018-10-18",
          "2018-10-19",
          "2018-10-22",
          "2018-10-23",
          "2018-10-24",
          "2018-10-25",
          "2018-10-26",
          "2018-10-29",
          "2018-10-30",
          "2018-10-31",
          "2018-11-01",
          "2018-11-02",
          "2018-11-05",
          "2018-11-06",
          "2018-11-07",
          "2018-11-08",
          "2018-11-09",
          "2018-11-12",
          "2018-11-13",
          "2018-11-14",
          "2018-11-15",
          "2018-11-16",
          "2018-11-19",
          "2018-11-20",
          "2018-11-21",
          "2018-11-22",
          "2018-11-23",
          "2018-11-26",
          "2018-11-27",
          "2018-11-28",
          "2018-11-29",
          "2018-11-30",
          "2018-12-03",
          "2018-12-04",
          "2018-12-05",
          "2018-12-06",
          "2018-12-07",
          "2018-12-10",
          "2018-12-11",
          "2018-12-12",
          "2018-12-13",
          "2018-12-14",
          "2018-12-17",
          "2018-12-18",
          "2018-12-19",
          "2018-12-20",
          "2018-12-21",
          "2018-12-24",
          "2018-12-25",
          "2018-12-26",
          "2018-12-27",
          "2018-12-28",
          "2018-12-31",
          "2019-01-01",
          "2019-01-02",
          "2019-01-03",
          "2019-01-04",
          "2019-01-07",
          "2019-01-08",
          "2019-01-09",
          "2019-01-10",
          "2019-01-11",
          "2019-01-14",
          "2019-01-15",
          "2019-01-16",
          "2019-01-17",
          "2019-01-18",
          "2019-01-21",
          "2019-01-22",
          "2019-01-23",
          "2019-01-24",
          "2019-01-25",
          "2019-01-28",
          "2019-01-29",
          "2019-01-30",
          "2019-01-31",
          "2019-02-01",
          "2019-02-04",
          "2019-02-05",
          "2019-02-06",
          "2019-02-07",
          "2019-02-08",
          "2019-02-11",
          "2019-02-12",
          "2019-02-13",
          "2019-02-14",
          "2019-02-15",
          "2019-02-18",
          "2019-02-19",
          "2019-02-20",
          "2019-02-21",
          "2019-02-22",
          "2019-02-25",
          "2019-02-26",
          "2019-02-27",
          "2019-02-28",
          "2019-03-01",
          "2019-03-04",
          "2019-03-05",
          "2019-03-06",
          "2019-03-07",
          "2019-03-08",
          "2019-03-11",
          "2019-03-12",
          "2019-03-13",
          "2019-03-14",
          "2019-03-15",
          "2019-03-18",
          "2019-03-19",
          "2019-03-20",
          "2019-03-21",
          "2019-03-22",
          "2019-03-25",
          "2019-03-26",
          "2019-03-27",
          "2019-03-28",
          "2019-03-29",
          "2019-04-01",
          "2019-04-02",
          "2019-04-03",
          "2019-04-04",
          "2019-04-05",
          "2019-04-08",
          "2019-04-09",
          "2019-04-10",
          "2019-04-11",
          "2019-04-12",
          "2019-04-15",
          "2019-04-16",
          "2019-04-17",
          "2019-04-18",
          "2019-04-19",
          "2019-04-22",
          "2019-04-23",
          "2019-04-24",
          "2019-04-25",
          "2019-04-26",
          "2019-04-29",
          "2019-04-30",
          "2019-05-01",
          "2019-05-02",
          "2019-05-03",
          "2019-05-06",
          "2019-05-07",
          "2019-05-08",
          "2019-05-09",
          "2019-05-10",
          "2019-05-13",
          "2019-05-14",
          "2019-05-15",
          "2019-05-16",
          "2019-05-17",
          "2019-05-20",
          "2019-05-21",
          "2019-05-23",
          "2019-05-24",
          "2019-05-27",
          "2019-05-28",
          "2019-05-29",
          "2019-05-30",
          "2019-05-31",
          "2019-06-03",
          "2019-06-04",
          "2019-06-05",
          "2019-06-06",
          "2019-06-07",
          "2019-06-10",
          "2019-06-11",
          "2019-06-12",
          "2019-06-13",
          "2019-06-14",
          "2019-06-17",
          "2019-06-18",
          "2019-06-19",
          "2019-06-20",
          "2019-06-21",
          "2019-06-24",
          "2019-06-25",
          "2019-06-26",
          "2019-06-27",
          "2019-06-28",
          "2019-07-01",
          "2019-07-02",
          "2019-07-03",
          "2019-07-04",
          "2019-07-05",
          "2019-07-08",
          "2019-07-09",
          "2019-07-10",
          "2019-07-11",
          "2019-07-12",
          "2019-07-15",
          "2019-07-16",
          "2019-07-17",
